Entertainment (Digital)
372,667
370,000
6,257
30,000
Entertainment (Toys and Hobby)
509,880
530,000
78,655
80,000
IP Production 
82,468
83,000
10,048
12,000
Amusement
119,667
125,000
6,843
7,000
Other
32,358
33,000
988
500
Elimination and Corporate
(66,830)
(61,000)
(12,111)
(14,500)
Total
1,050,210
1,080,000
90,682
115,000

Japan
758,463
770,000
90,340
105,000
Americas
91,447
108,000
5,652
9,500
Europe
102,937
95,000
(931)
500
Asia
97,365
107,000
11,357
12,000
Elimination and Corporate (Region)
-
-
(15,735)
(15,000)
Global
1,050,210
1,080,000
90,682
115,000